"00003.png",742,443,765,466,3
"00003.png",742,466,764,489,6
"00004.png",906,407,955,459,2
"00005.png",1172,164,1284,278,6
"00006.png",926,350,989,414,2
"00007.png",825,406,864,445,6
"00008.png",785,460,811,486,2
"00009.png",925,466,949,490,3
"00011.png",720,338,770,398,1
"00012.png",979,364,1034,418,1
"00013.png",1043,281,1120,356,2
"00018.png",950,455,981,486,3
"00019.png",845,423,888,465,2
"00023.png",998,292,1074,371,1
"00026.png",453,411,492,451,1
"00027.png",969,386,1024,441,2
"00027.png",102,375,157,430,2
"00056.png",729,436,760,467,1
"00057.png",990,418,1036,467,1
"00060.png",819,441,842,464,2
"00061.png",1224,333,1285,394,2
"00063.png",815,499,837,521,6
"00064.png",786,447,808,470,2
"00065.png",973,377,1022,427,6
"00067.png",949,435,979,465,6
"00069.png",817,459,838,480,2
"00071.png",794,474,822,502,1
"00071.png",794,503,821,529,6
"00072.png",836,456,858,478,3
"00073.png",727,457,748,477,2
"00073.png",727,476,749,497,6
"00073.png",430,453,452,475,2
"00073.png",432,475,452,495,6
"00075.png",1131,409,1179,456,3
"00076.png",789,471,815,495,2
"00077.png",962,408,1011,455,6
"00080.png",829,381,880,432,6
"00085.png",846,429,875,458,1
"00093.png",344,397,379,436,1
"00093.png",1076,339,1119,389,1
"00095.png",698,461,719,481,1
"00096.png",699,396,738,435,5
"00096.png",1140,420,1176,458,5
"00107.png",490,536,529,576,1
"00110.png",929,489,954,513,6
"00116.png",383,473,400,502,5
"00117.png",99,425,131,466,5
"00120.png",58,243,164,345,2
"00124.png",532,481,558,507,3
"00124.png",976,470,1002,496,3
"00125.png",1019,313,1106,401,2
"00126.png",840,374,868,404,2
"00126.png",379,365,411,396,2
"00129.png",962,379,1008,426,6
"00130.png",209,426,236,453,1
"00130.png",601,431,626,456,1
"00131.png",1010,430,1034,455,6
"00131.png",474,389,500,415,1
"00134.png",1008,299,1073,365,1
"00135.png",718,298,777,356,1
"00141.png",857,379,894,416,2
"00142.png",816,454,835,473,2
"00144.png",708,445,727,464,3
"00146.png",711,427,729,445,2
"00149.png",1131,274,1221,361,3
"00150.png",824,345,865,386,2
"00151.png",794,372,824,401,1
"00156.png",819,388,848,417,6
"00157.png",262,423,297,460,6
"00157.png",885,392,926,432,6
"00162.png",244,430,262,448,5
"00162.png",713,433,732,452,5
"00162.png",544,444,562,462,5
"00165.png",382,412,399,431,1
"00166.png",814,382,848,416,1
"00167.png",369,446,392,469,2
"00167.png",729,433,750,455,2
"00169.png",1089,153,1212,276,2
"00170.png",912,322,944,358,3
"00171.png",882,335,932,385,3
"00171.png",883,385,932,433,6
"00172.png",718,418,737,437,1
"00173.png",1111,279,1161,329,1
"00174.png",723,443,747,467,2
"00175.png",893,341,944,396,6
"00176.png",850,414,875,440,2
"00178.png",728,456,748,476,2
"00180.png",968,384,1004,421,2
"00181.png",793,299,853,359,3
"00182.png",656,412,685,441,2
"00184.png",790,273,850,334,1
"00185.png",967,150,1076,257,2
"00186.png",603,455,621,474,3
"00186.png",325,428,345,448,3
"00187.png",675,405,709,439,2
"00187.png",161,393,194,428,2
"00192.png",492,414,516,437,5
"00192.png",314,440,334,461,1
"00200.png",648,410,670,433,5
"00200.png",257,403,281,428,5
"00204.png",858,151,946,242,1
"00217.png",971,267,1031,328,1
"00220.png",1127,285,1168,326,1
"00222.png",985,354,1022,390,1
"00223.png",816,334,858,374,1
"00224.png",923,276,977,341,1
"00224.png",977,263,1042,333,6
"00225.png",856,268,924,334,1
"00226.png",1152,224,1220,290,1
"00228.png",937,295,998,356,1
"00229.png",1273,384,1305,417,1
"00229.png",1305,382,1341,414,6
"00230.png",974,398,1002,426,1
"00231.png",1146,362,1183,399,1
"00234.png",1051,275,1115,338,1
"00238.png",849,443,877,471,1
"00239.png",792,439,812,458,1
"00240.png",847,364,879,396,1
"00241.png",838,400,880,442,2
"00243.png",843,447,867,470,2
"00249.png",1212,419,1244,452,2
"00250.png",907,446,932,471,2
"00252.png",915,389,960,434,6
"00252.png",910,326,956,372,1
"00253.png",1186,134,1301,244,6
"00254.png",1172,270,1237,336,2
"00259.png",1202,329,1247,374,1
"00263.png",646,417,666,437,2
"00264.png",964,412,988,435,3
"00264.png",965,435,988,458,6
"00264.png",509,466,531,488,6
"00265.png",805,458,827,480,1
"00268.png",891,396,917,422,2
"00269.png",966,430,990,454,6
"00270.png",243,335,293,386,2
"00270.png",1237,279,1291,332,2
"00271.png",259,369,297,408,2
"00271.png",1090,341,1130,381,2
"00280.png",1054,392,1083,422,2
"00281.png",984,392,1017,425,2
"00283.png",1177,114,1284,219,3
"00284.png",993,347,1051,404,2
"00287.png",1113,370,1154,411,2
"00298.png",1238,256,1314,331,2
"00300.png",779,420,801,443,2
"00301.png",1075,318,1125,368,2
"00303.png",1186,385,1215,414,2
"00307.png",457,474,488,505,5
"00307.png",795,454,827,487,5
"00330.png",1050,313,1116,381,2
"00334.png",760,435,797,472,2
"00338.png",505,425,536,453,2
"00338.png",1000,426,1029,453,2
"00339.png",627,442,660,476,1
"00372.png",974,486,1017,529,3
"00373.png",164,517,195,548,3
"00373.png",819,511,853,545,3
"00397.png",947,524,982,559,3
"00398.png",771,538,795,560,3
"00401.png",420,496,461,537,3
"00401.png",1122,497,1163,538,3
"00403.png",568,540,592,564,3
"00403.png",939,532,965,559,3
"00404.png",335,415,396,476,3
"00404.png",1255,415,1312,472,3
"00405.png",1255,470,1309,525,3
"00405.png",355,444,411,499,3
"00411.png",110,557,139,588,5
"00411.png",496,552,529,587,5
"00415.png",827,549,849,571,6
"00435.png",834,535,862,564,6
"00446.png",401,507,441,544,5
"00446.png",767,497,803,530,5
"00457.png",1243,418,1301,475,2
"00457.png",517,466,554,504,2
"00459.png",884,548,909,573,1
"00470.png",823,489,847,513,1
"00480.png",1055,444,1103,492,2
"00482.png",260,528,296,570,5
"00482.png",283,564,303,590,5
"00494.png",1113,300,1211,395,1
"00498.png",248,482,292,526,5
"00501.png",943,557,962,577,3
"00501.png",610,558,628,577,3
"00501.png",120,282,227,386,5
"00502.png",57,556,85,584,5
"00502.png",579,555,606,582,5
"00536.png",27,428,57,458,5
"00536.png",327,452,353,478,5
"00544.png",744,438,762,458,1
"00566.png",655,395,689,429,6
"00566.png",124,419,156,451,6
"00570.png",881,416,914,449,6
"00571.png",1287,361,1308,384,5
"00599.png",700,454,722,476,6
"00605.png",167,511,206,550,3
"00605.png",846,501,881,535,3
"00609.png",809,507,841,539,3
"00609.png",310,512,343,546,3
"00610.png",917,553,938,574,3
"00611.png",839,488,872,521,3
"00612.png",170,374,246,451,5
"00620.png",863,425,892,454,6
"00621.png",782,443,808,469,3
"00623.png",974,374,1034,434,3
"00624.png",821,464,845,488,2
"00625.png",1037,377,1102,443,2
"00626.png",857,404,895,442,2
"00626.png",857,444,893,480,6
"00630.png",1219,315,1285,385,3
"00631.png",799,478,834,512,3
"00632.png",101,379,147,424,1
"00634.png",525,371,570,416,2
"00635.png",826,423,864,461,6
"00638.png",914,374,953,414,1
"00640.png",1105,353,1176,424,3
"00641.png",26,425,68,467,5
"00645.png",1034,311,1090,367,1
"00651.png",800,404,851,456,1
"00659.png",993,430,1033,470,2
"00660.png",943,422,979,458,6
"00661.png",1138,401,1169,430,2
"00664.png",849,437,880,468,3
"00665.png",557,471,579,493,3
"00667.png",737,444,764,471,3
"00668.png",1083,254,1172,340,2
"00669.png",899,393,949,444,3
"00670.png",997,306,1064,373,3
"00671.png",846,393,883,430,2
"00674.png",717,371,751,405,1
"00680.png",900,394,953,448,1
"00681.png",820,434,846,460,1
"00690.png",775,506,799,529,3
"00691.png",885,492,907,514,3
"00691.png",469,490,490,512,3
"00696.png",717,446,737,466,6
"00698.png",737,413,765,442,1
"00699.png",727,413,756,443,1
"00701.png",1042,396,1088,442,2
"00703.png",1001,360,1042,401,1
"00704.png",766,411,793,438,2
"00705.png",955,343,991,378,1
"00706.png",866,371,899,402,1
"00707.png",907,383,943,419,3
"00710.png",1084,201,1164,283,2
"00712.png",932,361,984,413,6
"00714.png",784,313,828,357,1
"00716.png",820,335,869,386,3
"00717.png",835,435,859,459,3
"00719.png",933,390,969,427,2
"00720.png",737,429,756,448,2
"00723.png",696,424,717,446,3
"00733.png",508,426,543,462,3
"00733.png",937,523,965,551,3
"00752.png",934,448,979,494,1
"00755.png",852,518,883,549,1
"00770.png",468,535,497,564,5
"00773.png",879,514,903,538,1
"00774.png",929,516,961,548,1
"00775.png",884,483,930,529,1
"00776.png",861,505,893,537,1
"00777.png",834,526,858,550,1
"00791.png",985,412,1062,489,3
"00798.png",786,545,806,565,2
"00802.png",610,267,683,336,1
"00803.png",771,232,835,295,1
"00803.png",772,322,837,387,6
"00806.png",807,407,832,432,1
"00825.png",1083,378,1108,404,1
"00829.png",553,399,576,422,1
"00831.png",975,371,1014,410,1
"00833.png",776,332,822,378,1
"00834.png",1130,264,1187,325,1
"00838.png",1068,382,1097,411,2
"00838.png",443,419,470,446,2
"00839.png",1234,297,1279,342,2
"00839.png",1234,343,1280,388,6
"00839.png",303,365,346,409,2
"00839.png",305,409,348,454,6
"00846.png",374,383,409,418,2
"00846.png",1091,348,1128,385,2
"00848.png",982,241,1054,313,1
"00850.png",973,373,1005,405,1
"00851.png",1092,312,1147,367,1
"00854.png",1182,254,1255,327,2
"00860.png",1077,144,1168,231,2
"00884.png",855,477,890,512,3
"00885.png",230,403,296,469,5
"00886.png",815,517,838,540,3
"00889.png",689,530,713,554,3
"00891.png",747,551,767,571,3
"00891.png",473,556,493,576,3
"00894.png",389,527,417,555,3
"00894.png",1093,529,1132,568,3
"00895.png",193,482,238,527,3
"00895.png",966,418,1014,466,3
"00898.png",323,504,355,536,3
"00898.png",817,510,849,542,3
"01000.png",827,289,847,306,4
"01001.png",592,633,626,671,2
"01002.png",1037,10,1207,193,4
"01003.png",1241,498,1338,586,0
"01004.png",853,325,884,349,4
"01005.png",270,431,309,470,0
"01005.png",672,435,712,472,0
"01006.png",563,428,577,442,3
"01007.png",745,287,872,417,4
"01008.png",820,302,871,361,4
"01009.png",1039,17,1200,192,4
"01010.png",542,444,553,456,0
"01010.png",772,439,799,463,0
"01011.png",726,501,765,537,2
"01012.png",687,390,711,416,4
"01013.png",533,481,562,513,0
"01014.png",449,536,464,551,4
"01015.png",699,394,722,415,4
"01016.png",644,391,682,428,1
"01017.png",682,350,712,379,6
"01018.png",617,437,632,451,2
"01019.png",790,468,850,528,3
"01020.png",125,584,248,723,0
"01021.png",394,482,419,508,3
"01022.png",501,440,516,455,0
"01022.png",675,440,692,456,0
"01023.png",337,489,362,514,2
"01024.png",679,317,712,358,4
"01025.png",762,358,844,464,1
"01026.png",617,480,661,528,0
"01027.png",867,309,953,386,6
"01028.png",790,328,823,362,4
"01029.png",825,515,875,568,4
"01030.png",14,495,50,527,5
"01031.png",284,445,358,518,0
"01032.png",89,369,127,404,5
"01032.png",234,438,241,446,5
"01032.png",162,445,174,458,5
"01033.png",1122,303,1275,418,6
"01034.png",179,444,200,463,4
"01035.png",626,452,642,468,4
"01036.png",413,410,450,444,4
"01036.png",1202,417,1339,496,4
"01037.png",1092,375,1161,434,0
"01037.png",473,383,521,432,0
"01038.png",775,390,818,431,6
"01039.png",1105,558,1162,599,3
"01040.png",953,352,979,376,0
"01041.png",655,486,711,548,3
"01042.png",918,255,1071,372,4
"01043.png",518,275,699,433,4
"01044.png",456,481,472,497,0
"01044.png",109,469,169,522,0
"01045.png",164,483,229,553,0
"01045.png",948,482,1033,558,0
"01046.png",1087,479,1203,604,3
"01047.png",887,369,907,388,0
"01048.png",524,399,554,430,4
"01048.png",144,417,173,442,4
"01049.png",685,628,760,714,2
"01050.png",644,426,735,515,3
"01051.png",990,483,1047,540,4
"01052.png",195,450,242,497,0
"01052.png",743,452,803,511,0
"01053.png",603,385,636,420,3
"01054.png",300,457,318,474,3
"01055.png",688,353,742,412,3
"01056.png",439,409,458,427,4
"01056.png",217,420,233,433,4
"01057.png",168,306,233,376,4
"01057.png",1037,328,1087,398,4
"01058.png",785,293,815,322,4
"01059.png",621,482,635,495,3
"01060.png",496,486,517,508,2
"01061.png",855,442,896,482,4
"01062.png",489,401,513,424,1
"01063.png",751,463,775,488,0
"01064.png",682,262,703,281,4
"01065.png",715,442,743,470,2
"01066.png",756,343,789,374,6
"01067.png",515,465,546,497,5
"01067.png",225,472,264,508,5
"01068.png",536,527,561,553,4
"01069.png",680,535,697,550,0
"01070.png",993,306,1074,384,4
"01071.png",306,473,322,490,4
"01071.png",84,483,104,501,4
"01072.png",763,381,782,397,4
"01073.png",672,542,702,575,0
"01073.png",234,543,274,580,0
"01074.png",635,541,646,552,0
"01075.png",306,433,326,452,0
"01075.png",704,437,725,460,0
"01076.png",671,472,691,492,0
"01076.png",482,474,500,492,0
"01077.png",887,537,926,579,3
"01078.png",983,427,1040,483,4
"01079.png",500,555,520,575,5
"01079.png",456,555,476,576,5
"01079.png",192,555,219,580,5
"01080.png",398,349,409,360,4
"01080.png",588,352,605,368,4
"01081.png",667,446,691,471,4
"01082.png",910,325,1170,553,4
"01083.png",774,530,807,560,0
"01084.png",656,369,675,387,2
"01085.png",715,525,732,544,4
"01085.png",921,525,946,548,4
"01086.png",862,342,896,380,4
"01087.png",646,362,671,388,4
"01088.png",427,490,444,508,3
"01089.png",723,535,745,555,0
"01090.png",95,308,142,381,4
"01090.png",1202,338,1358,499,4
"01091.png",461,435,480,453,0
"01091.png",661,437,680,456,0
"01092.png",659,437,693,472,3
"01093.png",883,484,938,542,4
"01094.png",980,442,1042,508,0
"01094.png",8,445,128,561,0
"01095.png",367,473,387,497,4
"01095.png",33,492,68,522,4
"01096.png",301,391,390,486,0
"01097.png",930,345,1132,497,4
"01098.png",894,522,945,567,0
"01099.png",685,349,718,382,2
"01100.png",850,479,885,510,4
"01101.png",1172,342,1282,471,4
"01102.png",1015,462,1086,532,4
"01102.png",245,473,305,525,4
"01103.png",854,459,887,489,4
"01104.png",714,378,747,405,4
"01105.png",476,445,502,470,0
"01106.png",606,390,626,407,4
"01107.png",997,307,1122,473,4
"01108.png",317,447,346,475,0
"01108.png",653,448,690,485,0
"01109.png",531,397,543,408,0
"01109.png",814,401,833,420,0
"01110.png",1091,317,1133,355,0
"01111.png",1099,480,1167,562,3
"01112.png",591,430,611,450,3
"01113.png",590,402,611,423,1
"01114.png",698,535,716,551,0
"01115.png",570,641,587,659,3
"01116.png",627,481,645,500,3
"01117.png",689,480,718,509,3
"01118.png",773,560,795,581,0
"01118.png",544,565,563,585,0
"01119.png",1144,500,1294,657,3
"01120.png",623,467,663,512,2
"01121.png",425,607,438,622,2
"01122.png",643,434,665,456,0
"01122.png",385,433,410,458,0
"01123.png",520,444,536,460,0
"01123.png",931,433,977,476,0
"01124.png",677,476,711,510,3
"01125.png",384,530,402,547,0
"01125.png",762,533,792,561,0
"01126.png",726,561,742,576,0
"01126.png",567,565,581,579,0
"01127.png",274,389,291,407,5
"01128.png",425,445,463,484,0
"01129.png",1126,467,1280,626,0
"01130.png",913,387,972,448,4
"01131.png",462,413,479,428,1
"01132.png",383,445,403,467,3
"01133.png",1138,373,1232,463,4
"01134.png",385,329,418,358,4
"01134.png",905,336,940,369,4
"01135.png",217,430,247,459,0
"01135.png",816,435,847,471,0
"01136.png",685,394,713,422,6
"01137.png",770,406,794,428,6
"01138.png",875,464,903,495,0
"01139.png",1077,399,1173,481,2
"01140.png",430,465,447,483,0
"01141.png",740,439,761,460,0
"01142.png",794,478,819,500,4
"01143.png",368,574,426,633,5
"01144.png",623,362,673,414,1
"01145.png",159,415,179,433,1
"01146.png",735,487,782,533,6
"01147.png",920,257,1071,372,4
"01148.png",233,502,253,519,1
"01149.png",477,466,497,487,5
"01149.png",303,472,326,493,5
"01150.png",642,360,660,378,6
"01151.png",1173,392,1266,463,4
"01152.png",492,482,516,505,0
"01153.png",720,476,783,557,5
"01154.png",824,442,851,467,2
"01155.png",795,364,825,394,2
"01156.png",657,362,675,378,2
"01157.png",1057,330,1159,418,2
"01158.png",656,431,700,483,3
"01159.png",722,303,758,340,4
"01160.png",302,486,320,502,2
"01161.png",665,560,697,592,3
"01162.png",762,289,792,322,4
"01163.png",753,332,795,374,4
"01164.png",786,377,828,416,6
"01165.png",693,504,727,547,4
"01165.png",72,546,147,618,4
"01166.png",627,528,641,541,4
"01167.png",521,629,536,644,2
"01168.png",637,446,659,467,0
"01168.png",423,448,444,469,0
"01169.png",594,541,613,561,0
"01169.png",344,541,365,562,0
"01170.png",305,352,359,405,4
"01170.png",1097,350,1202,433,4
"01171.png",917,390,955,423,4
"01172.png",394,405,416,426,1
"01173.png",770,371,794,392,4
"01174.png",404,445,419,462,0
"01174.png",592,446,613,466,0
"01175.png",1060,117,1308,389,4
"01176.png",279,464,292,475,3
"01177.png",484,465,498,481,5
"01177.png",362,468,377,484,5
"01178.png",906,571,931,593,3
"01179.png",782,433,834,481,4
"01179.png",282,469,307,495,4
"01180.png",514,379,545,411,5
"01181.png",545,408,563,426,3
"01182.png",429,440,463,475,3
"01183.png",532,444,546,458,0
"01183.png",826,437,860,467,0
"01184.png",531,466,560,496,0
"01185.png",885,477,958,574,0
"01186.png",373,446,394,466,0
"01186.png",615,446,641,473,0
"01187.png",436,436,456,456,0
"01187.png",643,437,663,456,0
"01188.png",557,438,571,452,0
"01188.png",710,440,725,453,0
"01189.png",307,528,331,551,0
"01189.png",835,531,879,570,0
"01190.png",652,539,667,553,0
"01191.png",736,370,755,388,2
"01192.png",560,541,576,555,0
"01192.png",387,540,402,555,0
"01193.png",690,402,712,422,6
"01194.png",478,512,511,551,4
"01194.png",937,515,995,567,4
"01195.png",970,199,1052,266,4
"01196.png",567,499,579,510,4
"01197.png",449,610,468,630,2
"01198.png",816,606,884,683,3
"01199.png",875,402,920,441,4
"01200.png",544,629,565,651,2
"01201.png",677,537,695,555,0
"01202.png",613,561,634,583,3
"01203.png",644,492,664,512,2
"01204.png",515,318,539,344,4
"01204.png",833,315,871,349,4
"01205.png",756,433,799,477,0
"01205.png",254,433,309,489,0
"01206.png",782,655,867,748,2
"01207.png",521,468,550,499,3
"01208.png",148,523,184,556,0
"01208.png",1013,527,1085,594,0
"01209.png",772,238,792,257,4
"01210.png",866,402,894,427,0
"01211.png",468,352,489,372,4
"01211.png",708,352,732,374,4
"01212.png",556,385,568,396,0
"01213.png",740,364,777,399,2
"01214.png",635,388,675,432,4
"01214.png",48,413,98,455,4
"01215.png",590,498,603,512,4
"01216.png",766,482,791,508,4
"01216.png",515,485,537,507,4
"01217.png",695,435,723,465,0
"01217.png",353,435,387,467,0
"01218.png",874,391,917,428,6
"01219.png",928,373,971,411,0
"01219.png",531,380,565,413,0
"01220.png",409,465,424,479,0
"01221.png",709,412,726,429,6
"01222.png",672,496,699,522,2
"01223.png",563,280,579,294,4
"01224.png",867,437,900,466,2
"01225.png",343,392,374,425,0
"01225.png",1188,407,1257,466,0
"01226.png",723,474,756,505,0
"01226.png",418,476,446,504,0
"01227.png",1035,482,1113,551,4
"01228.png",772,182,803,213,4
"01229.png",487,436,501,448,0
"01229.png",631,436,644,448,0
"01230.png",470,405,493,428,4
"01230.png",190,419,209,437,4
"01231.png",734,458,753,475,4
"01232.png",738,498,764,523,6
"01233.png",1112,362,1196,429,4
"01234.png",450,393,471,414,0
"01234.png",958,401,999,438,0
"01235.png",626,634,654,664,3
"01236.png",1072,556,1134,615,0
"01236.png",412,572,463,625,0
"01237.png",660,321,679,337,4
"01238.png",498,614,530,646,2
"01239.png",427,501,472,548,2
"01240.png",652,410,667,425,6
"01241.png",5,476,28,494,1
"01242.png",706,550,750,595,3
"01243.png",766,362,815,415,4
"01244.png",860,513,935,585,2
"01245.png",466,466,488,488,0
"01246.png",1015,405,1052,432,4
"01247.png",790,381,819,409,4
"01248.png",973,343,1002,362,4
"01249.png",676,468,715,515,0
"01250.png",454,396,490,432,1
"01251.png",747,477,766,494,4
"01252.png",462,483,484,504,3
"01253.png",832,338,903,403,4
"01254.png",713,534,737,557,0
"01255.png",897,248,924,272,4
"01256.png",523,347,541,366,4
"01256.png",790,351,811,373,4
"01257.png",639,552,660,573,3
"01258.png",800,412,828,435,4
"01259.png",692,473,715,496,0
"01259.png",458,475,479,496,0
"01260.png",1211,322,1360,426,6
"01261.png",1091,421,1166,491,4
"01262.png",690,456,718,484,1
"01263.png",668,494,695,521,4
"01264.png",780,401,797,417,0
"01265.png",502,443,524,464,0
"01265.png",1193,425,1284,505,0
"00003.png",742,443,765,466,3
"00003.png",742,466,764,489,6
"00004.png",906,407,955,459,2
"00005.png",1172,164,1284,278,6
"00006.png",926,350,989,414,2
"00007.png",825,406,864,445,6
"00008.png",785,460,811,486,2
"00009.png",925,466,949,490,3
"00011.png",720,338,770,398,1
"00012.png",979,364,1034,418,1
"00013.png",1043,281,1120,356,2
"00018.png",950,455,981,486,3
"00019.png",845,423,888,465,2
"00023.png",998,292,1074,371,1
"00026.png",453,411,492,451,1
"00027.png",969,386,1024,441,2
"00027.png",102,375,157,430,2
"00056.png",729,436,760,467,1
"00057.png",990,418,1036,467,1
"00060.png",819,441,842,464,2
"00061.png",1224,333,1285,394,2
"00063.png",815,499,837,521,6
"00064.png",786,447,808,470,2
"00065.png",973,377,1022,427,6
"00067.png",949,435,979,465,6
"00069.png",817,459,838,480,2
"00071.png",794,474,822,502,1
"00071.png",794,503,821,529,6
"00072.png",836,456,858,478,3
"00073.png",727,457,748,477,2
"00073.png",727,476,749,497,6
"00073.png",430,453,452,475,2
"00073.png",432,475,452,495,6
"00075.png",1131,409,1179,456,3
"00076.png",789,471,815,495,2
"00077.png",962,408,1011,455,6
"00080.png",829,381,880,432,6
"00085.png",846,429,875,458,1
"00093.png",344,397,379,436,1
"00093.png",1076,339,1119,389,1
"00095.png",698,461,719,481,1
"00096.png",699,396,738,435,5
"00096.png",1140,420,1176,458,5
"00107.png",490,536,529,576,1
"00110.png",929,489,954,513,6
"00116.png",383,473,400,502,5
"00117.png",99,425,131,466,5
"00120.png",58,243,164,345,2
"00124.png",532,481,558,507,3
"00124.png",976,470,1002,496,3
"00125.png",1019,313,1106,401,2
"00126.png",840,374,868,404,2
"00126.png",379,365,411,396,2
"00129.png",962,379,1008,426,6
"00130.png",209,426,236,453,1
"00130.png",601,431,626,456,1
"00131.png",1010,430,1034,455,6
"00131.png",474,389,500,415,1
"00134.png",1008,299,1073,365,1
"00135.png",718,298,777,356,1
"00141.png",857,379,894,416,2
"00142.png",816,454,835,473,2
"00144.png",708,445,727,464,3
"00146.png",711,427,729,445,2
"00149.png",1131,274,1221,361,3
"00150.png",824,345,865,386,2
"00151.png",794,372,824,401,1
"00156.png",819,388,848,417,6
"00157.png",262,423,297,460,6
"00157.png",885,392,926,432,6
"00162.png",244,430,262,448,5
"00162.png",713,433,732,452,5
"00162.png",544,444,562,462,5
"00165.png",382,412,399,431,1
"00166.png",814,382,848,416,1
"00167.png",369,446,392,469,2
"00167.png",729,433,750,455,2
"00169.png",1089,153,1212,276,2
"00170.png",912,322,944,358,3
"00171.png",882,335,932,385,3
"00171.png",883,385,932,433,6
"00172.png",718,418,737,437,1
"00173.png",1111,279,1161,329,1
"00174.png",723,443,747,467,2
"00175.png",893,341,944,396,6
"00176.png",850,414,875,440,2
"00178.png",728,456,748,476,2
"00180.png",968,384,1004,421,2
"00181.png",793,299,853,359,3
"00182.png",656,412,685,441,2
"00184.png",790,273,850,334,1
"00185.png",967,150,1076,257,2
"00186.png",603,455,621,474,3
"00186.png",325,428,345,448,3
"00187.png",675,405,709,439,2
"00187.png",161,393,194,428,2
"00192.png",492,414,516,437,5
"00192.png",314,440,334,461,1
"00200.png",648,410,670,433,5
"00200.png",257,403,281,428,5
"00204.png",858,151,946,242,1
"00217.png",971,267,1031,328,1
"00220.png",1127,285,1168,326,1
"00222.png",985,354,1022,390,1
"00223.png",816,334,858,374,1
"00224.png",923,276,977,341,1
"00224.png",977,263,1042,333,6
"00225.png",856,268,924,334,1
"00226.png",1152,224,1220,290,1
"00228.png",937,295,998,356,1
"00229.png",1273,384,1305,417,1
"00229.png",1305,382,1341,414,6
"00230.png",974,398,1002,426,1
"00231.png",1146,362,1183,399,1
"00234.png",1051,275,1115,338,1
"00238.png",849,443,877,471,1
"00239.png",792,439,812,458,1
"00240.png",847,364,879,396,1
"00241.png",838,400,880,442,2
"00243.png",843,447,867,470,2
"00249.png",1212,419,1244,452,2
"00250.png",907,446,932,471,2
"00252.png",915,389,960,434,6
"00252.png",910,326,956,372,1
"00253.png",1186,134,1301,244,6
"00254.png",1172,270,1237,336,2
"00259.png",1202,329,1247,374,1
"00263.png",646,417,666,437,2
"00264.png",964,412,988,435,3
"00264.png",965,435,988,458,6
"00264.png",509,466,531,488,6
"00265.png",805,458,827,480,1
"00268.png",891,396,917,422,2
"00269.png",966,430,990,454,6
"00270.png",243,335,293,386,2
"00270.png",1237,279,1291,332,2
"00271.png",259,369,297,408,2
"00271.png",1090,341,1130,381,2
"00280.png",1054,392,1083,422,2
"00281.png",984,392,1017,425,2
"00283.png",1177,114,1284,219,3
"00284.png",993,347,1051,404,2
"00287.png",1113,370,1154,411,2
"00298.png",1238,256,1314,331,2
"00300.png",779,420,801,443,2
"00301.png",1075,318,1125,368,2
"00303.png",1186,385,1215,414,2
"00307.png",457,474,488,505,5
"00307.png",795,454,827,487,5
"00330.png",1050,313,1116,381,2
"00334.png",760,435,797,472,2
"00338.png",505,425,536,453,2
"00338.png",1000,426,1029,453,2
"00339.png",627,442,660,476,1
"00372.png",974,486,1017,529,3
"00373.png",164,517,195,548,3
"00373.png",819,511,853,545,3
"00397.png",947,524,982,559,3
"00398.png",771,538,795,560,3
"00401.png",420,496,461,537,3
"00401.png",1122,497,1163,538,3
"00403.png",568,540,592,564,3
"00403.png",939,532,965,559,3
"00404.png",335,415,396,476,3
"00404.png",1255,415,1312,472,3
"00405.png",1255,470,1309,525,3
"00405.png",355,444,411,499,3
"00411.png",110,557,139,588,5
"00411.png",496,552,529,587,5
"00415.png",827,549,849,571,6
"00435.png",834,535,862,564,6
"00446.png",401,507,441,544,5
"00446.png",767,497,803,530,5
"00457.png",1243,418,1301,475,2
"00457.png",517,466,554,504,2
"00459.png",884,548,909,573,1
"00470.png",823,489,847,513,1
"00480.png",1055,444,1103,492,2
"00482.png",260,528,296,570,5
"00482.png",283,564,303,590,5
"00494.png",1113,300,1211,395,1
"00498.png",248,482,292,526,5
"00501.png",943,557,962,577,3
"00501.png",610,558,628,577,3
"00501.png",120,282,227,386,5
"00502.png",57,556,85,584,5
"00502.png",579,555,606,582,5
"00536.png",27,428,57,458,5
"00536.png",327,452,353,478,5
"00544.png",744,438,762,458,1
"00566.png",655,395,689,429,6
"00566.png",124,419,156,451,6
"00570.png",881,416,914,449,6
"00571.png",1287,361,1308,384,5
"00599.png",700,454,722,476,6
"00605.png",167,511,206,550,3
"00605.png",846,501,881,535,3
"00609.png",809,507,841,539,3
"00609.png",310,512,343,546,3
"00610.png",917,553,938,574,3
"00611.png",839,488,872,521,3
"00612.png",170,374,246,451,5
"00620.png",863,425,892,454,6
"00621.png",782,443,808,469,3
"00623.png",974,374,1034,434,3
"00624.png",821,464,845,488,2
"00625.png",1037,377,1102,443,2
"00626.png",857,404,895,442,2
"00626.png",857,444,893,480,6
"00630.png",1219,315,1285,385,3
"00631.png",799,478,834,512,3
"00632.png",101,379,147,424,1
"00634.png",525,371,570,416,2
"00635.png",826,423,864,461,6
"00638.png",914,374,953,414,1
"00640.png",1105,353,1176,424,3
"00641.png",26,425,68,467,5
"00645.png",1034,311,1090,367,1
"00651.png",800,404,851,456,1
"00659.png",993,430,1033,470,2
"00660.png",943,422,979,458,6
"00661.png",1138,401,1169,430,2
"00664.png",849,437,880,468,3
"00665.png",557,471,579,493,3
"00667.png",737,444,764,471,3
"00668.png",1083,254,1172,340,2
"00669.png",899,393,949,444,3
"00670.png",997,306,1064,373,3
"00671.png",846,393,883,430,2
"00674.png",717,371,751,405,1
"00680.png",900,394,953,448,1
"00681.png",820,434,846,460,1
"00690.png",775,506,799,529,3
"00691.png",885,492,907,514,3
"00691.png",469,490,490,512,3
"00696.png",717,446,737,466,6
"00698.png",737,413,765,442,1
"00699.png",727,413,756,443,1
"00701.png",1042,396,1088,442,2
"00703.png",1001,360,1042,401,1
"00704.png",766,411,793,438,2
"00705.png",955,343,991,378,1
"00706.png",866,371,899,402,1
"00707.png",907,383,943,419,3
"00710.png",1084,201,1164,283,2
"00712.png",932,361,984,413,6
"00714.png",784,313,828,357,1
"00716.png",820,335,869,386,3
"00717.png",835,435,859,459,3
"00719.png",933,390,969,427,2
"00720.png",737,429,756,448,2
"00723.png",696,424,717,446,3
"00733.png",508,426,543,462,3
"00733.png",937,523,965,551,3
"00752.png",934,448,979,494,1
"00755.png",852,518,883,549,1
"00770.png",468,535,497,564,5
"00773.png",879,514,903,538,1
"00774.png",929,516,961,548,1
"00775.png",884,483,930,529,1
"00776.png",861,505,893,537,1
"00777.png",834,526,858,550,1
"00791.png",985,412,1062,489,3
"00798.png",786,545,806,565,2
"00802.png",610,267,683,336,1
"00803.png",771,232,835,295,1
"00803.png",772,322,837,387,6
"00806.png",807,407,832,432,1
"00825.png",1083,378,1108,404,1
"00829.png",553,399,576,422,1
"00831.png",975,371,1014,410,1
"00833.png",776,332,822,378,1
"00834.png",1130,264,1187,325,1
"00838.png",1068,382,1097,411,2
"00838.png",443,419,470,446,2
"00839.png",1234,297,1279,342,2
"00839.png",1234,343,1280,388,6
"00839.png",303,365,346,409,2
"00839.png",305,409,348,454,6
"00846.png",374,383,409,418,2
"00846.png",1091,348,1128,385,2
"00848.png",982,241,1054,313,1
"00850.png",973,373,1005,405,1
"00851.png",1092,312,1147,367,1
"00854.png",1182,254,1255,327,2
"00860.png",1077,144,1168,231,2
"00884.png",855,477,890,512,3
"00885.png",230,403,296,469,5
"00886.png",815,517,838,540,3
"00889.png",689,530,713,554,3
"00891.png",747,551,767,571,3
"00891.png",473,556,493,576,3
"00894.png",389,527,417,555,3
"00894.png",1093,529,1132,568,3
"00895.png",193,482,238,527,3
"00895.png",966,418,1014,466,3
"00898.png",323,504,355,536,3
"00898.png",817,510,849,542,3
"01000.png",827,289,847,306,4
"01001.png",592,633,626,671,2
"01002.png",1037,10,1207,193,4
"01003.png",1241,498,1338,586,0
"01004.png",853,325,884,349,4
"01005.png",270,431,309,470,0
"01005.png",672,435,712,472,0
"01006.png",563,428,577,442,3
"01007.png",745,287,872,417,4
"01008.png",820,302,871,361,4
"01009.png",1039,17,1200,192,4
"01010.png",542,444,553,456,0
"01010.png",772,439,799,463,0
"01011.png",726,501,765,537,2
"01012.png",687,390,711,416,4
"01013.png",533,481,562,513,0
"01014.png",449,536,464,551,4
"01015.png",699,394,722,415,4
"01016.png",644,391,682,428,1
"01017.png",682,350,712,379,6
"01018.png",617,437,632,451,2
"01019.png",790,468,850,528,3
"01020.png",125,584,248,723,0
"01021.png",394,482,419,508,3
"01022.png",501,440,516,455,0
"01022.png",675,440,692,456,0
"01023.png",337,489,362,514,2
"01024.png",679,317,712,358,4
"01025.png",762,358,844,464,1
"01026.png",617,480,661,528,0
"01027.png",867,309,953,386,6
"01028.png",790,328,823,362,4
"01029.png",825,515,875,568,4
"01030.png",14,495,50,527,5
"01031.png",284,445,358,518,0
"01032.png",89,369,127,404,5
"01032.png",234,438,241,446,5
"01032.png",162,445,174,458,5
"01033.png",1122,303,1275,418,6
"01034.png",179,444,200,463,4
"01035.png",626,452,642,468,4
"01036.png",413,410,450,444,4
"01036.png",1202,417,1339,496,4
"01037.png",1092,375,1161,434,0
"01037.png",473,383,521,432,0
"01038.png",775,390,818,431,6
"01039.png",1105,558,1162,599,3
"01040.png",953,352,979,376,0
"01041.png",655,486,711,548,3
"01042.png",918,255,1071,372,4
"01043.png",518,275,699,433,4
"01044.png",456,481,472,497,0
"01044.png",109,469,169,522,0
"01045.png",164,483,229,553,0
"01045.png",948,482,1033,558,0
"01046.png",1087,479,1203,604,3
"01047.png",887,369,907,388,0
"01048.png",524,399,554,430,4
"01048.png",144,417,173,442,4
"01049.png",685,628,760,714,2
"01050.png",644,426,735,515,3
"01051.png",990,483,1047,540,4
"01052.png",195,450,242,497,0
"01052.png",743,452,803,511,0
"01053.png",603,385,636,420,3
"01054.png",300,457,318,474,3
"01055.png",688,353,742,412,3
"01056.png",439,409,458,427,4
"01056.png",217,420,233,433,4
"01057.png",168,306,233,376,4
"01057.png",1037,328,1087,398,4
"01058.png",785,293,815,322,4
"01059.png",621,482,635,495,3
"01060.png",496,486,517,508,2
"01061.png",855,442,896,482,4
"01062.png",489,401,513,424,1
"01063.png",751,463,775,488,0
"01064.png",682,262,703,281,4
"01065.png",715,442,743,470,2
"01066.png",756,343,789,374,6
"01067.png",515,465,546,497,5
"01067.png",225,472,264,508,5
"01068.png",536,527,561,553,4
"01069.png",680,535,697,550,0
"01070.png",993,306,1074,384,4
"01071.png",306,473,322,490,4
"01071.png",84,483,104,501,4
"01072.png",763,381,782,397,4
"01073.png",672,542,702,575,0
"01073.png",234,543,274,580,0
"01074.png",635,541,646,552,0
"01075.png",306,433,326,452,0
"01075.png",704,437,725,460,0
"01076.png",671,472,691,492,0
"01076.png",482,474,500,492,0
"01077.png",887,537,926,579,3
"01078.png",983,427,1040,483,4
"01079.png",500,555,520,575,5
"01079.png",456,555,476,576,5
"01079.png",192,555,219,580,5
"01080.png",398,349,409,360,4
"01080.png",588,352,605,368,4
"01081.png",667,446,691,471,4
"01082.png",910,325,1170,553,4
"01083.png",774,530,807,560,0
"01084.png",656,369,675,387,2
"01085.png",715,525,732,544,4
"01085.png",921,525,946,548,4
"01086.png",862,342,896,380,4
"01087.png",646,362,671,388,4
"01088.png",427,490,444,508,3
"01089.png",723,535,745,555,0
"01090.png",95,308,142,381,4
"01090.png",1202,338,1358,499,4
"01091.png",461,435,480,453,0
"01091.png",661,437,680,456,0
"01092.png",659,437,693,472,3
"01093.png",883,484,938,542,4
"01094.png",980,442,1042,508,0
"01094.png",8,445,128,561,0
"01095.png",367,473,387,497,4
"01095.png",33,492,68,522,4
"01096.png",301,391,390,486,0
"01097.png",930,345,1132,497,4
"01098.png",894,522,945,567,0
"01099.png",685,349,718,382,2
"01100.png",850,479,885,510,4
"01101.png",1172,342,1282,471,4
"01102.png",1015,462,1086,532,4
"01102.png",245,473,305,525,4
"01103.png",854,459,887,489,4
"01104.png",714,378,747,405,4
"01105.png",476,445,502,470,0
"01106.png",606,390,626,407,4
"01107.png",997,307,1122,473,4
"01108.png",317,447,346,475,0
"01108.png",653,448,690,485,0
"01109.png",531,397,543,408,0
"01109.png",814,401,833,420,0
"01110.png",1091,317,1133,355,0
"01111.png",1099,480,1167,562,3
"01112.png",591,430,611,450,3
"01113.png",590,402,611,423,1
"01114.png",698,535,716,551,0
"01115.png",570,641,587,659,3
"01116.png",627,481,645,500,3
"01117.png",689,480,718,509,3
"01118.png",773,560,795,581,0
"01118.png",544,565,563,585,0
"01119.png",1144,500,1294,657,3
"01120.png",623,467,663,512,2
"01121.png",425,607,438,622,2
"01122.png",643,434,665,456,0
"01122.png",385,433,410,458,0
"01123.png",520,444,536,460,0
"01123.png",931,433,977,476,0
"01124.png",677,476,711,510,3
"01125.png",384,530,402,547,0
"01125.png",762,533,792,561,0
"01126.png",726,561,742,576,0
"01126.png",567,565,581,579,0
"01127.png",274,389,291,407,5
"01128.png",425,445,463,484,0
"01129.png",1126,467,1280,626,0
"01130.png",913,387,972,448,4
"01131.png",462,413,479,428,1
"01132.png",383,445,403,467,3
"01133.png",1138,373,1232,463,4
"01134.png",385,329,418,358,4
"01134.png",905,336,940,369,4
"01135.png",217,430,247,459,0
"01135.png",816,435,847,471,0
"01136.png",685,394,713,422,6
"01137.png",770,406,794,428,6
"01138.png",875,464,903,495,0
"01139.png",1077,399,1173,481,2
"01140.png",430,465,447,483,0
"01141.png",740,439,761,460,0
"01142.png",794,478,819,500,4
"01143.png",368,574,426,633,5
"01144.png",623,362,673,414,1
"01145.png",159,415,179,433,1
"01146.png",735,487,782,533,6
"01147.png",920,257,1071,372,4
"01148.png",233,502,253,519,1
"01149.png",477,466,497,487,5
"01149.png",303,472,326,493,5
"01150.png",642,360,660,378,6
"01151.png",1173,392,1266,463,4
"01152.png",492,482,516,505,0
"01153.png",720,476,783,557,5
"01154.png",824,442,851,467,2
"01155.png",795,364,825,394,2
"01156.png",657,362,675,378,2
"01157.png",1057,330,1159,418,2
"01158.png",656,431,700,483,3
"01159.png",722,303,758,340,4
"01160.png",302,486,320,502,2
"01161.png",665,560,697,592,3
"01162.png",762,289,792,322,4
"01163.png",753,332,795,374,4
"01164.png",786,377,828,416,6
"01165.png",693,504,727,547,4
"01165.png",72,546,147,618,4
"01166.png",627,528,641,541,4
"01167.png",521,629,536,644,2
"01168.png",637,446,659,467,0
"01168.png",423,448,444,469,0
"01169.png",594,541,613,561,0
"01169.png",344,541,365,562,0
"01170.png",305,352,359,405,4
"01170.png",1097,350,1202,433,4
"01171.png",917,390,955,423,4
"01172.png",394,405,416,426,1
"01173.png",770,371,794,392,4
"01174.png",404,445,419,462,0
"01174.png",592,446,613,466,0
"01175.png",1060,117,1308,389,4
"01176.png",279,464,292,475,3
"01177.png",484,465,498,481,5
"01177.png",362,468,377,484,5
"01178.png",906,571,931,593,3
"01179.png",782,433,834,481,4
"01179.png",282,469,307,495,4
"01180.png",514,379,545,411,5
"01181.png",545,408,563,426,3
"01182.png",429,440,463,475,3
"01183.png",532,444,546,458,0
"01183.png",826,437,860,467,0
"01184.png",531,466,560,496,0
"01185.png",885,477,958,574,0
"01186.png",373,446,394,466,0
"01186.png",615,446,641,473,0
"01187.png",436,436,456,456,0
"01187.png",643,437,663,456,0
"01188.png",557,438,571,452,0
"01188.png",710,440,725,453,0
"01189.png",307,528,331,551,0
"01189.png",835,531,879,570,0
"01190.png",652,539,667,553,0
"01191.png",736,370,755,388,2
"01192.png",560,541,576,555,0
"01192.png",387,540,402,555,0
"01193.png",690,402,712,422,6
"01194.png",478,512,511,551,4
"01194.png",937,515,995,567,4
"01195.png",970,199,1052,266,4
"01196.png",567,499,579,510,4
"01197.png",449,610,468,630,2
"01198.png",816,606,884,683,3
"01199.png",875,402,920,441,4
"01200.png",544,629,565,651,2
"01201.png",677,537,695,555,0
"01202.png",613,561,634,583,3
"01203.png",644,492,664,512,2
"01204.png",515,318,539,344,4
"01204.png",833,315,871,349,4
"01205.png",756,433,799,477,0
"01205.png",254,433,309,489,0
"01206.png",782,655,867,748,2
"01207.png",521,468,550,499,3
"01208.png",148,523,184,556,0
"01208.png",1013,527,1085,594,0
"01209.png",772,238,792,257,4
"01210.png",866,402,894,427,0
"01211.png",468,352,489,372,4
"01211.png",708,352,732,374,4
"01212.png",556,385,568,396,0
"01213.png",740,364,777,399,2
"01214.png",635,388,675,432,4
"01214.png",48,413,98,455,4
"01215.png",590,498,603,512,4
"01216.png",766,482,791,508,4
"01216.png",515,485,537,507,4
"01217.png",695,435,723,465,0
"01217.png",353,435,387,467,0
"01218.png",874,391,917,428,6
"01219.png",928,373,971,411,0
"01219.png",531,380,565,413,0
"01220.png",409,465,424,479,0
"01221.png",709,412,726,429,6
"01222.png",672,496,699,522,2
"01223.png",563,280,579,294,4
"01224.png",867,437,900,466,2
"01225.png",343,392,374,425,0
"01225.png",1188,407,1257,466,0
"01226.png",723,474,756,505,0
"01226.png",418,476,446,504,0
"01227.png",1035,482,1113,551,4
"01228.png",772,182,803,213,4
"01229.png",487,436,501,448,0
"01229.png",631,436,644,448,0
"01230.png",470,405,493,428,4
"01230.png",190,419,209,437,4
"01231.png",734,458,753,475,4
"01232.png",738,498,764,523,6
"01233.png",1112,362,1196,429,4
"01234.png",450,393,471,414,0
"01234.png",958,401,999,438,0
"01235.png",626,634,654,664,3
"01236.png",1072,556,1134,615,0
"01236.png",412,572,463,625,0
"01237.png",660,321,679,337,4
"01238.png",498,614,530,646,2
"01239.png",427,501,472,548,2
"01240.png",652,410,667,425,6
"01241.png",5,476,28,494,1
"01242.png",706,550,750,595,3
"01243.png",766,362,815,415,4
"01244.png",860,513,935,585,2
"01245.png",466,466,488,488,0
"01246.png",1015,405,1052,432,4
"01247.png",790,381,819,409,4
"01248.png",973,343,1002,362,4
"01249.png",676,468,715,515,0
"01250.png",454,396,490,432,1
"01251.png",747,477,766,494,4
"01252.png",462,483,484,504,3
"01253.png",832,338,903,403,4
"01254.png",713,534,737,557,0
"01255.png",897,248,924,272,4
"01256.png",523,347,541,366,4
"01256.png",790,351,811,373,4
"01257.png",639,552,660,573,3
"01258.png",800,412,828,435,4
"01259.png",692,473,715,496,0
"01259.png",458,475,479,496,0
"01260.png",1211,322,1360,426,6
"01261.png",1091,421,1166,491,4
"01262.png",690,456,718,484,1
"01263.png",668,494,695,521,4
"01264.png",780,401,797,417,0
"01265.png",502,443,524,464,0
"01265.png",1193,425,1284,505,0
